<?xml version="1.0"?>
<opencv_storage>
<Q type_id="opencv-matrix">
  <rows>4</rows>
  <cols>4</cols>
  <dt>d</dt>
  <data>
    1. 0. 0. -6.8038888549804688e+02 0. 1. 0. -2.6986804580688477e+02 0.
    0. 0. 5.7478527122503158e+02 0. 0. -1.7518079124420511e+00
    2.9936145449059701e+01</data></Q>
</opencv_storage>
