<?xml version="1.0"?>
<opencv_storage>
<Q type_id="opencv-matrix">
  <rows>4</rows>
  <cols>4</cols>
  <dt>d</dt>
  <data>
    1. 0. 0. -2.6130725479125977e+02 0. 1. 0. -2.1101982116699219e+02 0.
    0. 0. 8.0395955903665413e+02 0. 0. -1.6179371381430930e-02
    3.1148567209594635e-01</data></Q>
</opencv_storage>
